32
40
40
40
32
32
40
32
40
32
128
32
32
128
72
40
40
32
40
40
40
72
40
32
32
40
32
40
40
64
40
8
40
40
40
40
40
32
32
40
32
40
40
160
160
160
32
32
40
32
40
40
40
128
32
32
64
32
40
40
32
32
40
32
40
40
32
116
8
32
116
40
40
128
32
116
40
40
32
160
40
32
40
32
72
72
40
32
40
32
128
128
40
32
40
40
128
40
72
4
16
40
16
40
64
8
40
40
32
40
128
32
40
40
40
32
72
40
40
32
40
40
40
40
40
40
40
128
16
40
40
40
40
32
32
40
40
40
32
160
40
32
40
32
116
40
4
32
40
72
40
40
40
40
40
40
40
40
40
116
40
40
32
40
32
116
40
116
40
40
40
40
40
40
40
8
40
40
32
40
116
40
40
40
40
40
40
40
40
40
40
40
40
4
40
40
64
40
40
64
32
40
40
32
40
40
32
40
128
40
40
32
40
40
32
40
32
40
40
212
40
32
32
40
32
32
40
40
32
40
40
40
40
40
40
32
128
40
40
40
40
32
40
32
8
40
40
32
32
40
32
40
32
40
32
40
40
40
40
40
116
40
40
32
40
32
64
40
224
40
32
40
40
8
40
32
40
40
40
8
4
40
40
40
40
40
64
40
40
40
40
40
40
32
40
40
40
40
32
40
40
40
40
40
128
40
32
40
40
40
32
32
40
40
224
40
32
64
40
32
32
40
40
160
40
44
40
40
40
32
32
40
32
32
40
32
40
40
116
160
40
32
40
40
40
40
40
72
40
40
40
40
40
40
40
32
32
40
40
40
32
128
40
32
40
40
40
64
32
32
4
40
40
40
64
40
32
40
40
4
64
40
40
40
40
40
40
40
40
32
40
40
16
4
40
32
40
40
40
40
40
40
40
40
40
40
40
40
40
128
40
40
32
40
40
160
40
32
40
40
32
32
40
40
40
40
40
32
40
32
64
40
40
40
72
32
40
160
32
4
32
40
40
40
40
32
40
40
40
32
40
40
40
160
192
40
40
32
32
40
32
40
32
32
116
40
32
32
40
40
40
40
40
40
40
40
160
116
40
40
160
40
32
40
40
40
40
40
40
116
40
40
128
40
40
160
40
40
64
160
32
32
160
64
128
40
72
32
224
72
40
40
40
40
40
40
72
40
40
40
32
40
40
